0 0 3 0 7 0 0 1 0 2 0 13 5 6 0 4

0 1 0 4 10 0 9 15 3 6 0 0 0 14 0 0

6 16 10 0 12 0 0 11 0 0 0 0 15 0 1 0

0 9 0 0 0 6 0 3 0 0 0 0 0 10 0 11

0 8 0 16 6 0 0 9 11 0 0 0 1 0 0 2

0 0 0 14 1 0 0 16 0 0 0 7 0 0 0 0

0 5 6 3 0 11 0 8 0 0 0 14 0 0 0 0

12 0 9 0 0 0 0 5 0 0 0 3 8 16 13 0

0 10 1 5 11 0 0 0 2 0 0 0 0 7 0 12

0 0 0 0 14 0 0 0 4 0 6 0 16 8 11 0

0 0 0 0 2 0 0 0 14 0 0 8 3 0 0 0

4 0 0 15 0 0 0 7 12 0 0 1 13 0 14 0

8 0 2 0 0 0 0 0 10 0 3 0 0 0 12 0

0 4 0 10 0 0 0 0 9 0 0 12 0 13 15 16

0 0 11 0 0 0 15 4 1 8 0 6 2 0 7 0

1 0 5 12 16 0 13 0 7 0 0 2 0 9 0 0