
 0  0  1  0 |  0  4 11 12 |  8  0 15  0 |  0  7  0  0
 0  0  0  0 |  0  1 16  0 |  0  0  0  0 |  8 12  5  6
 0  2  8 14 |  0  0  0  0 |  7  0  0  4 |  0 10  0 16
 0 16  0  0 |  0  0  7  0 |  0  0  0 11 |  1  9  0  0
-----------------------------------------------------
 0  0  0 11 |  0  3  0  0 |  0 10  3 15 |  0  0  13 0
14  0  0 10 |  0  0  0 11 |  0  8  0 16 | 15  0  0  0
 0  0  0  0 |  0 15  8  6 |  2  0  0 12 |  0  0  3  4
 0  0  0  3 |  7  0 14 16 | 13  0  0  1 |  0  0  8 10
-----------------------------------------------------
11  10 0  0 | 16  0  0  1 | 15  3  0  5 |  4  0  0  0
 5   9 0  0 |  4  0  0 15 | 11  7  2  0 |  0  0  0  0
 0  0  0  8 | 12  0  6  0 |  1  0  0  0 |  7  0  0  9
 0 12  0  0 | 14 11 10  0 |  0  0  0  0 |  2  0  0  0
-----------------------------------------------------
 0  0  7  9 |  3  0  0  0 |  0  1  0  0 |  0  0 15  0
 4  0 11  0 |  1  0  0  5 |  0  0  0  0 | 16  6  7  0
 6  1  5 13 |  0  0  0  0 |  0 15 11  0 |  0  0  0  0
 0  0 10  0 |  0  7  0 13 | 14  6  4  0 |  0  8  0  0
